$ 1 0.00002 263.0686190299136 60 15 53
w 240 48 336 48 0
r 240 48 240 208 0 47000
r 240 208 240 352 0 10000
t 240 208 336 208 0 1 -4.512777072357358 0.6029053198780434 100
w 240 352 336 352 0
g 240 352 240 384 0
R 240 48 144 48 0 0 40 12 0 0 0.5
r 336 48 336 192 0 4000
r 336 224 336 352 0 1000
c 240 208 160 208 0 0.000009999999999999999 1.9902880119719266
R 80 208 32 208 0 1 50 0.05 0 0 0.5
c 336 192 416 192 0 0.000009999999999999999 6.47108308210644
O 416 192 464 192 0 0
r 416 192 416 272 0 2000
g 416 272 416 304 0
r 80 208 160 208 0 100
c 384 224 384 352 0 0.00001 1.427401673945973
w 336 224 384 224 0
w 336 352 384 352 0
o 10 64 0 20490 0.078125 0.00009765625 0 2 10 3
o 12 64 0 20490 0.625 0.00009765625 1 1
