$ 1 0.0000049999999999999996 382.76258214399064 60 15 53
r 336 224 336 288 0 330
w 336 352 384 352 0
w 384 288 336 288 0
c 384 288 384 352 0 0.1 0.2360039809743732
r 48 208 160 208 0 1000
g 432 304 432 384 0
r 432 192 432 304 0 1000
O 432 192 480 192 0 0
c 336 192 432 192 0 0.01 7.174557962736945
R 48 208 0 208 0 1 50 0.05 0 0 0.5
c 240 208 160 208 0 0.01 1.0314227220936638
r 336 288 336 352 0 330
r 336 48 336 192 0 6800
R 240 48 144 48 0 0 40 12 0 0 0.5
g 240 352 240 384 0
w 240 352 336 352 0
t 240 208 336 208 0 1 -6.055767790773906 0.5883854238093339 100
r 240 208 240 352 0 4700
r 240 48 240 208 0 47000
w 240 48 336 48 0
o 9 64 0 20490 0.078125 0.00078125 0 2 9 3
o 7 64 0 20490 0.15625 0.1 1 1
